# freq_modGR tau_modGR
2.411191916136537259e+02 4.942383973747618842e-03
2.547862180676624178e+02 5.825394356105219329e-03
2.526818651368796509e+02 4.048796914417836061e-03
2.555946998785969413e+02 4.756663477884416451e-03
2.563012042641761354e+02 4.814289352206918386e-03
2.551363310393566053e+02 5.230732375019138229e-03
2.575756023264712553e+02 5.490654395544646710e-03
2.498624013563248525e+02 4.197936145206314189e-03
2.609584576570470631e+02 3.321191535168122738e-03
2.504384082299099248e+02 5.571951939315669851e-03
2.433713862717776522e+02 4.941761610451530715e-03
2.622651796380951623e+02 4.885556197128090861e-03
2.639928174994248025e+02 4.033443367250594790e-03
2.590349940846231220e+02 3.972697816568652833e-03
2.430799037142942609e+02 4.931844608201187662e-03
2.443650381536913017e+02 4.690480832714104611e-03
2.692704362089450001e+02 3.751052866008461936e-03
2.534989832711353586e+02 4.974308416360936382e-03
2.556875311180369010e+02 3.785159896914249214e-03
2.637602971267828025e+02 4.534975586061529285e-03
2.522073161257644074e+02 4.892966005142752005e-03
2.502972693899632759e+02 5.399521339649009447e-03
2.415633636098133934e+02 5.266660454106088934e-03
2.533546272752389257e+02 3.728548782555671671e-03
2.610970935587689610e+02 4.415438921245531077e-03
2.460405668003725168e+02 5.586960041889342012e-03
2.515476101014550920e+02 5.517287890506207028e-03
2.588257703397737259e+02 4.364973117864078163e-03
2.495121713929169118e+02 3.969180429157288803e-03
2.682483091542372904e+02 5.114806332632820980e-03
2.527763006131939960e+02 4.878340774995768188e-03
2.607872353377107970e+02 3.855976474765788857e-03
2.430304243386469523e+02 5.151932586466326583e-03
2.451762871818083340e+02 4.958394929951993532e-03
2.524061481657632839e+02 4.257397638882872391e-03
2.570306880481037979e+02 4.564387378642018392e-03
2.595466726079330329e+02 4.287880064580022743e-03
2.514653722361632617e+02 4.928506820595213340e-03
2.654200290027381470e+02 4.361196988835476518e-03
2.513963283918712079e+02 4.677846240106391627e-03
2.626186016594500643e+02 4.012474025549410059e-03
2.583310915412755548e+02 4.924041425111555861e-03
2.454218795362805281e+02 5.172325064198974448e-03
2.542438934306541682e+02 5.688321920352128365e-03
2.538959201230846361e+02 5.378503994176078024e-03
2.497359281232084243e+02 3.924307433021006347e-03
2.635831229713894572e+02 4.053306006995855727e-03
2.589022455353786540e+02 4.078860301472073992e-03
2.546438915946175143e+02 4.648662957935616701e-03
2.538432506764035850e+02 4.524797528570532502e-03
2.531030041957396008e+02 6.663725606127759646e-03
2.552283762304591903e+02 4.419834475167573780e-03
2.566199016340134449e+02 4.402130604371675728e-03
2.519646483093636959e+02 4.124745316701716909e-03
2.472657571561840655e+02 5.548893796312241895e-03
2.699253225830139513e+02 3.957279393610867169e-03
2.602941952077644601e+02 4.776516585337082371e-03
2.728831173965795642e+02 3.555634060343206351e-03
2.650058433978558128e+02 3.394340683659251203e-03
2.462055245243253125e+02 4.195742943316400388e-03
2.837928318011917668e+02 2.867136599842441073e-03
2.525124334298203621e+02 4.953012507886685525e-03
2.478336394992900864e+02 5.318065779534158002e-03
2.370744120181317385e+02 5.152884699084397946e-03
2.567101575180770965e+02 5.043869712460221331e-03
2.497243088561498610e+02 5.225925013255651105e-03
2.636452792402656655e+02 4.763807533141619505e-03
2.623788578681178478e+02 4.208780284455751995e-03
2.598930446409286787e+02 4.995640268476151009e-03
2.530257830266622250e+02 5.553298187259645205e-03
2.494938049018346078e+02 4.678715106281009992e-03
2.601253352934392069e+02 4.223552183836760260e-03
2.496758838162731138e+02 4.557264381228168931e-03
2.607194654884614806e+02 4.077361255686083250e-03
2.503250143488382662e+02 5.421374469443411732e-03
2.539181901613532091e+02 4.206809229665289980e-03
2.449281072225860498e+02 4.192792786595194235e-03
2.589096511544875625e+02 5.099503103831399230e-03
2.419547413050021589e+02 4.700121384895065285e-03
2.419924480366049409e+02 5.740653369289288460e-03
2.571058307743294904e+02 4.251670831083191777e-03
2.489264490850139850e+02 4.048874875852370714e-03
2.534213220996784344e+02 4.669942830024264441e-03
2.458846092594849324e+02 5.122098905427419947e-03
2.442315318540133831e+02 4.605934013510480825e-03
2.633109818470593382e+02 3.615471471503648501e-03
2.403326391979412620e+02 3.604087272903049727e-03
2.654166011461161929e+02 5.210097014388781304e-03
2.488056314296523226e+02 4.471700747734602861e-03
2.437214490978195158e+02 4.514231835891659335e-03
2.439339804851955478e+02 5.338314894005781117e-03
2.534108673185122313e+02 5.219922550169296509e-03
2.474357064801014019e+02 5.518764704700716839e-03
2.523216457105414463e+02 5.803844078780544431e-03
2.427938516837947986e+02 5.969984550998981045e-03
2.656414113785314726e+02 4.903359468054096712e-03
2.428936122313346289e+02 6.183949243893607783e-03
2.521192084020802895e+02 4.898938552027251418e-03
2.565350125571059721e+02 5.191428612293442178e-03
2.490240967669687961e+02 5.602928291596974072e-03
2.514938642853203987e+02 5.382383672817975077e-03
2.526150322148486111e+02 5.326929704660132540e-03
2.518402739163171589e+02 6.799137270977575684e-03
2.521695174179156709e+02 5.793279525595411081e-03
2.469098190335026572e+02 5.535563689014108210e-03
2.448275664226350727e+02 6.140110536891738371e-03
2.698443228549986088e+02 5.521219980072746870e-03
2.440854339220155964e+02 6.087387275637627833e-03
2.427611674978820702e+02 4.921297994414737011e-03
2.558620128148709227e+02 5.303747500206737291e-03
2.473094816106977589e+02 5.412913328165777638e-03
2.702022886744287007e+02 4.129081705275226832e-03
2.500317898642063597e+02 4.492026290908627574e-03
2.617046061713817267e+02 4.454328655997509372e-03
2.736946743804362541e+02 4.914815526483280912e-03
2.566188291316984191e+02 4.543832581183505220e-03
2.608446713748542720e+02 5.226161159781748597e-03
2.353013596545116286e+02 4.832702036972519148e-03
2.517437353821517547e+02 6.142441632029320593e-03
2.577553611183417956e+02 4.239484951457074546e-03
2.586860180313455544e+02 4.856073222774801891e-03
2.541362120339930755e+02 5.147889798837932546e-03
2.593120424091254677e+02 4.087664848483291841e-03
2.478192080279099514e+02 5.200577628285350459e-03
2.507004070229254182e+02 5.509160030550941910e-03
2.434868752300789652e+02 5.446764299611567967e-03
2.606094004143503184e+02 4.491966669112019278e-03
2.600904825844369839e+02 4.879252986781513861e-03
2.546107631518231358e+02 5.241895586221553827e-03
2.839531949645827353e+02 4.324588880485698977e-03
2.563040306780129640e+02 5.550197295575452772e-03
2.525236344006462730e+02 4.904821343150627018e-03
2.481906823412997767e+02 4.369081670762161446e-03
2.551245235127329352e+02 4.900261143360051634e-03
2.549976289307363686e+02 4.864845968540901580e-03
2.657212430675654673e+02 4.693146887808836466e-03
2.514622473249274037e+02 4.442680175293091741e-03
2.513983195022669577e+02 5.218131670413246603e-03
2.626707704616190995e+02 4.265837035098713620e-03
2.598221218537559594e+02 4.556322862369505469e-03
2.549171965986454893e+02 4.721325439071353235e-03
2.611657532345363961e+02 5.328081748054554201e-03
2.673713690655456503e+02 3.546071516661323132e-03
2.454058160911763764e+02 6.037423996126261433e-03
2.666192111658018007e+02 4.940017895502525971e-03
2.606592788401559915e+02 5.005331768449820286e-03
2.514828698040654444e+02 5.127192517697092694e-03
2.578451057840943577e+02 5.527719270081777637e-03
2.390375924195071491e+02 6.261043219163230956e-03
2.527183788180103932e+02 5.599877745152617194e-03
2.585845480267205403e+02 5.057136451139144541e-03
2.413510081183661384e+02 4.235035227636216142e-03
2.525388116627134423e+02 5.341858120605644938e-03
2.486573046738254504e+02 5.563956028381185533e-03
2.566175308858867652e+02 5.237488937238908224e-03
2.615835652857420541e+02 5.164013400660871084e-03
2.522353626257539645e+02 5.334061986584874744e-03
2.587246663015039303e+02 4.389979416973052023e-03
2.503683942464232075e+02 5.328173939021673203e-03
2.520823345765025181e+02 5.099017937652983862e-03
2.657684831449889771e+02 5.026442849959439525e-03
2.531038742014782770e+02 4.698739451552036601e-03
2.449771445298894150e+02 4.347222549322900080e-03
2.531733101145414651e+02 5.180304126136607394e-03
2.627268759556685040e+02 5.296401996492765100e-03
2.669829134216681155e+02 4.231730940848526211e-03
2.641218852379329292e+02 4.387929968519600939e-03
2.567100807052710820e+02 6.086102000564861010e-03
2.547151861752503237e+02 5.227997042727536639e-03
2.531707192212532220e+02 5.387424894078596781e-03
2.453307979887281363e+02 4.788791657708505421e-03
2.494763045928572751e+02 5.169811942252361923e-03
2.523579708555026002e+02 4.827745248878511156e-03
2.500667093673657746e+02 5.203362013330788301e-03
2.651612370527614644e+02 5.217444438142865640e-03
2.711987198769122642e+02 4.161836413014824085e-03
2.579443594630415646e+02 4.836319343200473631e-03
2.555261352020965546e+02 5.297420913558689368e-03
2.630749545042202158e+02 4.791687439609194736e-03
2.524628382358341128e+02 5.473602730080855301e-03
2.580085943093745868e+02 4.207796945350450457e-03
2.512704466570169757e+02 5.908873410771265343e-03
2.498743258158390290e+02 4.872348082746648379e-03
2.681993926866951483e+02 4.675764948894267636e-03
2.499808602256164534e+02 5.203150978464309712e-03
2.554076741657844991e+02 3.798863832613425667e-03
2.432895034565443382e+02 4.570407577157432379e-03
2.436805467384795350e+02 5.465392919045815485e-03
2.511562184018206949e+02 5.246659339771013279e-03
2.444404522461777844e+02 5.156064963919825168e-03
2.495272021589464657e+02 4.567310555130761444e-03
2.554119913184463826e+02 4.316009952556322006e-03
2.479370529457602856e+02 4.507817889865989823e-03
2.581139606377072369e+02 4.643960343112658873e-03
2.499042512522400159e+02 5.820987235934401045e-03
2.440120211587431527e+02 5.594525984187101106e-03
2.564580387373376311e+02 4.829931344947324158e-03
2.578971732049404295e+02 3.742671299308462929e-03
2.449538283309181850e+02 4.979782706107899019e-03
2.485247100214970715e+02 4.991090595138070879e-03
2.521991059846610028e+02 6.389948883129893328e-03
2.712532243277682937e+02 4.657672435661974232e-03
2.586290052109716271e+02 3.972441907775300408e-03
2.631251073963062481e+02 3.642778984239157351e-03
2.790927864256030944e+02 3.856841167947119495e-03
2.589963420075989688e+02 3.616786227856597612e-03
2.481429692760217449e+02 4.578343261341048104e-03
2.582860667600013471e+02 4.302230427448487833e-03
2.727587965511174843e+02 4.818266239196337085e-03
2.613226244750762248e+02 4.918663517607623631e-03
2.528037808494168530e+02 4.045729596938540777e-03
2.597443260323358345e+02 4.610244146388798106e-03
2.710189420133750673e+02 4.202856445111211384e-03
2.654524375013052691e+02 4.558306377837662016e-03
2.604247133901894244e+02 3.844344224815014234e-03
3.004253366930271909e+02 3.502181778155582983e-03
2.576452075878640358e+02 4.697552006561321603e-03
2.573854974135880411e+02 4.930071344118816187e-03
2.514839056721845054e+02 4.351502099099840461e-03
2.584094632342324189e+02 4.070486325974506832e-03
2.609051664990708446e+02 3.980549920705165647e-03
2.654764724287899753e+02 5.138776088633537423e-03
2.547037724926206863e+02 4.870571445148024099e-03
2.539690868440545444e+02 5.433255903184834763e-03
2.651950946725455083e+02 5.550959357611247313e-03
2.537349857237292383e+02 5.559805537267751251e-03
2.590597454755439912e+02 4.714031844353638694e-03
2.484394452870734540e+02 5.327484801760920194e-03
2.531767002731843377e+02 4.850244785544521008e-03
2.510059417573769451e+02 4.670252516164115526e-03
2.503630504681774198e+02 5.782055949838419209e-03
2.657574284757342866e+02 3.769948740989348401e-03
2.602723914657343016e+02 4.802251483499188171e-03
2.594452857638378305e+02 4.146750446828602159e-03
2.519442344052445151e+02 4.990539216567478793e-03
2.596871371934983586e+02 4.561613680022198226e-03
2.472316577113112430e+02 4.556265059928494773e-03
2.537967110442455976e+02 4.319596239354638739e-03
2.552585028573634247e+02 4.182036161165972148e-03
2.543829238333259468e+02 3.803313939294627761e-03
2.746319828465952924e+02 4.794562748596770119e-03
2.556010114877212231e+02 4.910759701697020585e-03
2.499813696463650956e+02 4.177477024680876019e-03
2.637346995554872251e+02 4.383882059876940615e-03
2.510159215467768945e+02 4.876841408319471799e-03
2.420383125179394312e+02 4.756491594982278567e-03
2.413351609188379143e+02 4.959351251225030226e-03
2.510256982407145472e+02 4.272291744586658932e-03
2.488206476013305348e+02 4.860788362216867178e-03
2.523339157508414416e+02 4.969260185270851261e-03
2.564627201302374147e+02 4.818301896867301440e-03
2.503230597019675940e+02 4.357183272683945452e-03
2.432910820384826422e+02 4.724662753564557241e-03
2.485719071695939135e+02 5.106801948504688209e-03
2.542750372737571922e+02 4.380638941762613273e-03
2.637198103323952978e+02 5.028279405953316183e-03
2.494503826593555971e+02 5.353571708889349676e-03
2.575789762207134004e+02 4.445145159223186891e-03
2.503511635306031735e+02 4.282514625318666925e-03
2.547910556344844792e+02 6.067343236163361651e-03
2.648698273359825066e+02 5.159793090590049543e-03
2.506290582751072407e+02 3.982045520743914165e-03
2.443038341558244326e+02 5.384517572022266482e-03
2.552511389580959928e+02 4.494280045313609438e-03
2.490888548787362708e+02 4.433669060335799182e-03
2.611166764171011891e+02 3.720691656346247246e-03
2.505975207603214301e+02 4.722239632047091351e-03
2.433171339300028535e+02 4.037479791530899920e-03
2.547593470712200485e+02 4.092586001359319395e-03
2.405282294698876626e+02 5.140704395985769629e-03
2.680177653125066399e+02 4.626878381245375614e-03
2.481320110034550623e+02 3.884743001727683064e-03
2.406297348546083299e+02 5.199152559766547638e-03
2.608976529550181453e+02 4.114603246163132076e-03
2.635136433414650696e+02 3.379687423588806534e-03
2.682616873496377821e+02 4.208727352623928969e-03
2.545952842146343471e+02 4.563705309719024231e-03
2.524558926967818593e+02 5.151830747935154386e-03
2.654383305651932687e+02 4.491930205951212562e-03
2.641037756731928994e+02 4.112482219993517964e-03
2.533633903249792922e+02 4.794455641874894800e-03
2.609579586841131231e+02 4.715774341371780504e-03
2.532385538529533449e+02 5.589082320170057558e-03
2.817832483358720310e+02 3.775657616127241212e-03
2.380546392384350156e+02 4.760447640659437075e-03
2.546343751522843775e+02 4.794928007906000891e-03
2.515374361819545470e+02 4.655942702883316374e-03
2.597814136457453174e+02 5.622832955478526511e-03
2.513186105046182774e+02 4.898162485279874620e-03
2.634201551359490736e+02 5.289592570303333283e-03
2.562801626126223482e+02 4.123026507340189079e-03
2.525609295911431502e+02 3.757119804362465260e-03
2.543983856400346326e+02 4.564572116721158160e-03
2.494392707422960029e+02 4.566834603326252323e-03
2.725652962999338342e+02 4.611106003150291024e-03
2.667699869297699138e+02 4.730530647131058093e-03
2.638595367440865971e+02 4.746827634819087392e-03
2.629566127990476048e+02 4.632826134659553084e-03
2.555208390065364483e+02 4.094001142263175089e-03
2.619932521448346847e+02 3.796967779758712511e-03
2.801782156786755422e+02 4.184380550933336843e-03
2.676032728052116454e+02 4.350805290932675644e-03
2.676832139533930786e+02 4.222328424842095550e-03
2.483364925193419026e+02 5.624671757028157533e-03
2.723707370022368650e+02 3.755768243165481714e-03
2.480334936816077516e+02 5.783082816574220721e-03
2.488456897164205941e+02 3.862533214472506620e-03
2.483597881518884378e+02 5.198606666269590428e-03
2.498593609038442480e+02 5.857454871500929368e-03
2.713943213767019529e+02 3.680923533186927343e-03
2.467817310398248196e+02 4.547572215526201646e-03
2.496373373006123302e+02 4.628618312056935122e-03
2.637865117551609728e+02 4.600214497236929621e-03
2.652450247399765431e+02 3.772509168243146256e-03
2.557403285428430024e+02 3.630239963109779377e-03
2.405769317859497107e+02 5.352343451837327827e-03
2.540196641202148271e+02 4.625188562738006930e-03
2.478359608403196148e+02 4.728827054669978297e-03
2.613562495707175231e+02 4.257113425881010882e-03
2.477356820161047324e+02 4.545252209624014821e-03
2.402157334997943678e+02 4.782954662232349538e-03
2.610663341971312548e+02 4.663225808023222126e-03
2.534323380163104389e+02 4.687973096582941090e-03
2.437786899077826774e+02 4.485034429437764585e-03
2.695278872005495145e+02 5.014572894292245418e-03
2.386778299787552839e+02 4.364934392780050673e-03
2.474086767176593753e+02 4.290754824081512153e-03
2.541195740331303625e+02 5.307487872618716490e-03
2.441069600767751240e+02 4.903058904882329726e-03
2.434125937427812119e+02 3.767553596938294242e-03
2.508241219784957536e+02 5.130336311729422755e-03
2.495829560904656148e+02 4.477179842083245549e-03
2.571760736933547378e+02 4.665561336696036863e-03
2.459979775738072760e+02 4.927620071206510050e-03
2.590215687612159172e+02 4.656129678592899925e-03
2.456059162905707751e+02 6.691848083412124670e-03
2.510478700219796622e+02 4.048551506046162499e-03
2.537979572449692398e+02 4.905658742135367290e-03
2.536993351628691187e+02 4.923783177260031459e-03
2.565015646892757673e+02 3.767575713373094107e-03
2.643738516311461808e+02 4.196714977411068574e-03
2.569236235578822516e+02 5.082715670195519543e-03
2.603592252500549762e+02 4.152757790499673508e-03
2.509089454829038175e+02 5.282379841024809931e-03
2.501555786520046922e+02 5.345232117784689228e-03
2.591482140583540854e+02 4.130337071587786464e-03
2.500876676008044512e+02 3.744774161662754123e-03
2.538391821572122353e+02 4.891121454807695855e-03
2.426582959369485764e+02 4.396843385121146017e-03
2.557331797955476134e+02 3.857740180539784205e-03
2.575785762149714628e+02 4.670624876905641806e-03
2.480378671566554090e+02 5.207861871149038584e-03
2.596756133818119565e+02 4.085668804486042652e-03
2.604305237062860670e+02 4.314085180652798765e-03
2.651948780313840075e+02 5.083275451680548812e-03
2.607030554141081780e+02 4.258870201446478959e-03
2.490765498617392666e+02 3.421108722661602829e-03
2.414502015552704393e+02 5.545323100487958672e-03
2.585064062883690781e+02 5.230801726967764832e-03
2.959897798999852512e+02 3.474647184057441576e-03
2.619920901874168635e+02 3.682487498234027299e-03
2.517352814140757857e+02 4.270431078174221316e-03
2.591225837127412888e+02 3.903655184484225438e-03
2.405700667250102640e+02 4.615904406736903373e-03
2.540654908386261184e+02 5.345725466761254603e-03
2.581062850490068854e+02 4.596565579293086963e-03
2.547098486095060821e+02 4.289719659941345492e-03
2.383291076447069372e+02 3.917266056598748235e-03
2.343610843754228199e+02 4.716419303055495969e-03
2.640088311914181531e+02 3.910476860442134613e-03
2.430935489000153211e+02 5.127241413254548900e-03
2.525680609252625572e+02 5.081811934337572903e-03
2.548298639169954640e+02 3.951739732466974346e-03
2.593981835181824067e+02 5.664029546823043555e-03
2.549247821924711275e+02 4.224756235425602274e-03
2.432123388857439465e+02 4.546286221158577640e-03
2.570133006107260485e+02 4.979780016298229750e-03
2.462784291977361875e+02 3.765937342369109642e-03
2.479836168603556814e+02 5.204062697165007766e-03
2.545295267136368977e+02 5.394309235033429260e-03
2.515687536946388150e+02 4.600306321013616917e-03
2.533050613281195353e+02 4.858336252661079116e-03
2.474205810695481773e+02 5.006521295482476916e-03
2.506872158708480356e+02 3.978590382875435948e-03
2.465319518780991359e+02 4.991053149054667550e-03
2.369903945611835923e+02 4.345012792654836392e-03
2.404675380113427536e+02 3.917233909234557436e-03
2.501271125905770703e+02 5.043200877158921305e-03
2.659873146131396311e+02 4.176382380483422731e-03
2.612664909968822826e+02 4.149507616850299334e-03
2.544594307474240793e+02 5.429101062787650492e-03
2.649725812195999310e+02 4.032089730201790512e-03
2.517923265669858210e+02 4.591597085487649291e-03
2.712247887454731199e+02 3.947378090150691250e-03
2.488826781457879918e+02 4.326742998158522591e-03
2.598464582855343110e+02 4.438543518856312604e-03
2.557012668660702843e+02 5.155429170796857127e-03
2.628712998888778998e+02 3.486309176935551649e-03
2.598326724067675286e+02 4.463201771701738076e-03
2.458673227106032755e+02 4.699645858939486068e-03
2.572863559574543615e+02 4.096372169223053139e-03
2.502857162960729625e+02 4.748963942837519138e-03
2.650195278738742672e+02 3.291935205143720327e-03
2.640849693107368239e+02 4.739164286791318695e-03
2.497711739823966184e+02 4.641877025427133471e-03
2.526176592599089474e+02 5.116825957188872627e-03
2.573462102863734344e+02 5.674466107771672201e-03
2.600892538291676033e+02 3.649724585470852378e-03
2.514683974302248544e+02 5.058209387849052496e-03
2.535257829792651307e+02 4.694068849735755743e-03
2.383774953381428645e+02 3.699119506777717292e-03
2.480736048694490137e+02 5.122643775770404154e-03
2.607236934494090974e+02 4.145825322982740063e-03
2.448934975465490709e+02 4.356052460487869205e-03
2.503999521871215279e+02 3.843402096678217184e-03
2.575586165099289246e+02 4.776705666347426903e-03
2.454987203046163984e+02 4.616366984755248051e-03
2.564231541656650961e+02 4.870407722030276054e-03
2.567132202961149687e+02 4.088799795067234004e-03
3.072498170963418715e+02 3.328281226342749873e-03
2.562184838813257670e+02 4.269673325177907042e-03
2.648786841603967446e+02 5.281910806956491115e-03
2.691712456199275039e+02 4.041732398045785705e-03
2.555270065262568266e+02 4.981730782587584332e-03
2.557583446360298751e+02 4.729317804446880880e-03
2.602450845424223758e+02 5.659097216405116135e-03
2.499250714110262948e+02 4.878665104300622737e-03
2.450892332292128799e+02 5.399163875262973436e-03
2.542136869476410652e+02 4.379596880751360222e-03
2.574189081378193578e+02 4.687117830822033759e-03
2.616197819909032773e+02 4.859648658646516933e-03
2.655515798890533006e+02 4.575750198586714737e-03
2.628375188256720776e+02 4.187759547607896628e-03
2.653791941452433321e+02 3.981910569642411329e-03
2.510976799802253367e+02 4.460097058744311171e-03
2.492432029527329007e+02 4.334823591927145989e-03
2.553009965595649078e+02 4.477898835890637211e-03
2.478037919630681643e+02 4.459897578394181501e-03
2.497551976614271041e+02 5.019598056176109019e-03
2.506880584741035989e+02 5.185734742159672263e-03
2.454557220937149680e+02 5.606019660465630383e-03
2.552448137400790813e+02 3.761541991688537034e-03
2.431402118521068871e+02 5.317118328011275277e-03
2.458837734048678101e+02 4.700243459328348576e-03
2.491275385281469710e+02 5.147438684761212850e-03
2.506417730445079997e+02 5.377668836315433083e-03
2.723946046905172693e+02 4.424793108175840463e-03
2.616615625782631014e+02 4.661995297688090699e-03
2.683082003460881424e+02 3.913437154335822413e-03
2.530107008141069116e+02 5.235542412370639519e-03
2.506422719177454326e+02 5.065797365774830051e-03
2.746432825144998446e+02 3.774824998174435009e-03
2.673066405881829724e+02 4.073528123769628966e-03
2.654643088283945076e+02 4.155504815351571818e-03
2.544691330826441629e+02 5.889277758270139440e-03
2.689314845742952116e+02 4.316437963915890907e-03
2.589790720402811530e+02 4.601602407780045617e-03
2.581598347449941002e+02 3.912118118523142708e-03
2.619079519691231894e+02 3.727040750993114524e-03
2.494156789913567138e+02 4.942247018969599635e-03
2.495446624883647928e+02 5.130239373904933904e-03
2.483567870205611712e+02 4.905646946529306808e-03
2.440478877559947648e+02 5.531928514169122402e-03
2.447153749348817939e+02 5.135690984860235078e-03
2.460390535955064024e+02 5.451544837985215081e-03
2.441614437934543389e+02 4.547006926104254186e-03
2.533318160540946451e+02 5.136492389895385390e-03
2.527541998257538864e+02 4.270990593480749470e-03
2.454175571830954539e+02 5.850651848596341749e-03
2.475941202211204484e+02 5.328628669096543979e-03
2.658475893254600919e+02 3.400497193265935528e-03
2.453317023089693976e+02 3.591458662100220633e-03
2.587562955263342133e+02 4.436034164065397710e-03
2.479011977532081801e+02 4.255135620955380164e-03
2.457081662703367897e+02 4.505014442891212313e-03
2.526214944476768665e+02 5.234143060422082397e-03
2.592513337459364493e+02 4.469077846049970652e-03
2.532797946745588433e+02 3.547230012798270431e-03
2.591262843870206325e+02 4.202848209606639684e-03
2.577028992148878501e+02 3.998029178180539933e-03
2.487621875984325186e+02 5.634633248262260578e-03
2.498071582015375327e+02 5.744445044599898360e-03
2.466991904360572505e+02 5.135831410330140082e-03
2.547529404476941011e+02 3.762323412377795682e-03
2.475242977612901996e+02 4.621547335661948912e-03
2.616530504147752367e+02 4.500844810648867850e-03
2.550649944535122984e+02 4.891983770700198027e-03
2.488021196521359286e+02 4.861966564322673344e-03
2.431346555056169620e+02 3.330707634069801030e-03
2.530724418175925905e+02 5.012855481096021616e-03
2.494065919150739887e+02 5.120037810774384288e-03
2.548756432055017740e+02 5.019112750882938345e-03
2.514029854499417524e+02 5.234478849237484029e-03
2.521169535245035718e+02 4.642264056096065405e-03
2.524892944058961177e+02 6.419745509840689771e-03
2.429929658696938475e+02 5.078259363832886460e-03
2.568210489216775159e+02 4.169405961488283248e-03
2.582249817806080046e+02 4.303047215795471718e-03
2.455913861304082104e+02 4.824377861796151287e-03
2.574466639586970587e+02 4.646605256080964426e-03
2.440226125624515987e+02 4.292831491804907987e-03
2.512928287223703023e+02 4.510570507299287851e-03
2.738837321388935493e+02 4.201808516188644364e-03
2.611336356719909304e+02 4.831466762965791646e-03
2.592605850400709642e+02 5.225441880846449540e-03
2.646416768406453457e+02 3.780988517771897723e-03
2.572898290810110780e+02 4.708478233012823762e-03
2.602549784042590204e+02 4.551823432490726372e-03
2.589636971080330454e+02 4.086859139430115868e-03
2.475116565072175092e+02 4.606901382614304007e-03
2.591735746715680193e+02 3.949409145821041953e-03
2.560037855448198911e+02 4.897519576631452140e-03
2.536686299790779628e+02 4.368042448092459770e-03
2.453011511374382678e+02 4.998837312183553212e-03
2.565229166914016901e+02 4.538581612268597666e-03
2.416074862461772454e+02 5.362772730680745101e-03
2.498310846125384046e+02 4.882574150039932503e-03
2.470126957431014603e+02 4.864923077229522420e-03
2.441297937589945661e+02 4.435677484303987388e-03
2.579630820533561177e+02 3.434478379479948690e-03
2.492021323021845092e+02 5.308470151079532594e-03
2.569229139157446866e+02 5.095481296413483831e-03
2.479126092824924399e+02 5.047198133120071525e-03
2.537871945943085734e+02 4.308009802316279183e-03
2.552115428056539486e+02 3.717823804499551486e-03
2.550957997481291670e+02 5.400378733469919298e-03
2.474327376329785864e+02 3.657878430617897501e-03
2.507759072206933411e+02 4.227173429809698117e-03
2.451849937664393337e+02 4.442512449701876455e-03
2.445851408988847595e+02 5.385889858610514759e-03
2.500171331037888081e+02 5.489473084819336372e-03
2.666377644442065389e+02 4.904925539371098216e-03
2.414785086558376008e+02 4.478390348085111577e-03
2.630215203829233701e+02 4.935229538578288916e-03
2.611835827378029649e+02 5.321920234876530501e-03
2.589008427793847886e+02 4.190634565583710447e-03
2.554932416048666255e+02 4.536668174490945775e-03
2.541999496226933104e+02 4.731259719781103455e-03
2.513054337803309295e+02 4.808192431713138523e-03
2.548642749295144654e+02 4.844163525687730613e-03
2.573886702326867635e+02 3.833255545829865503e-03
2.486800328044510877e+02 4.907415919076013253e-03
2.533316224030814112e+02 5.473705478206244285e-03
2.673313936270046725e+02 4.066166780510533339e-03
2.498908117722432678e+02 4.589565824476908064e-03
2.558725324738227016e+02 4.823048534948216719e-03
2.582904296277992557e+02 5.218275505655629865e-03
2.478086783123584098e+02 4.830105608521761962e-03
2.520519472113125801e+02 4.409621756708049373e-03
2.756194914534826808e+02 4.534359305633358858e-03
2.551294115538109111e+02 4.039806101281566419e-03
2.574048201751872966e+02 3.809708311023448507e-03
2.536978417090061271e+02 4.875562990496598754e-03
2.628427058033316825e+02 5.022074800838695341e-03
2.503491450942734673e+02 4.989253056580851033e-03
2.521963345910046428e+02 4.111900431183406618e-03
2.586525758330640770e+02 5.546654919648960104e-03
2.548303714336221617e+02 5.261351217048060996e-03
2.589816281489249832e+02 4.371993840374665055e-03
2.446363190464084028e+02 4.498896570474412993e-03
2.473881368712988547e+02 5.379360187901111034e-03
2.518946886277499289e+02 6.370582571736442545e-03
2.493667181949982137e+02 5.461377123036839296e-03
2.437536580260298251e+02 4.731988775887307000e-03
2.603998813706381839e+02 5.077636974406956119e-03
2.549160884410800634e+02 4.073342879067681256e-03
2.570159836101903466e+02 4.409893515193525661e-03
2.553079453160993637e+02 4.953999514217127809e-03
2.531990739754448612e+02 5.534826660391470310e-03
2.609740245450507814e+02 4.526337085991085848e-03
2.459018942904821188e+02 4.427635098058988090e-03
2.537255744544252991e+02 4.452988483739579381e-03
2.578434148135950181e+02 4.654476119630840229e-03
2.590209738788714731e+02 4.453911349249072005e-03
2.510123637406724413e+02 4.501753207971890408e-03
2.452972549183910758e+02 4.631445794379011882e-03
2.515083606190708281e+02 6.036129270930220420e-03
2.603620214827280392e+02 5.397308478352305650e-03
2.607355962696908591e+02 5.099014591547765436e-03
2.490781487720482801e+02 4.306954653743816884e-03
2.586149527225740030e+02 3.370138944159553011e-03
2.501722361473144360e+02 4.558616065481135848e-03
2.573491607586041710e+02 3.870552432743598528e-03
2.451116877188006811e+02 4.960693393906420896e-03
2.480186284757312478e+02 4.471161609893255229e-03
2.536322337206167674e+02 5.202571757848276773e-03
2.534207608705503958e+02 5.086379637917482974e-03
2.608193053726201356e+02 4.063932297300437008e-03
2.553522269784550076e+02 4.434001856303797749e-03
2.492372705351296247e+02 5.268439479524082529e-03
2.511553207482802463e+02 4.542837815126186257e-03
2.558589123804159158e+02 6.238626919355639081e-03
2.571918121501559540e+02 3.928872411272291316e-03
2.535439114751159195e+02 4.902851950352570681e-03
2.560939744693977786e+02 5.170367120349129465e-03
2.526573934511973789e+02 4.216987301502493277e-03
2.590394950238325009e+02 4.856556512822035425e-03
2.548463503576337246e+02 4.960651905060202947e-03
2.460625087616668338e+02 4.100756535650243451e-03
2.636050662781270262e+02 4.427564487637050683e-03
2.564595974174449680e+02 5.169997526726901639e-03
2.553638254109403647e+02 4.652837658008578126e-03
2.545660011354375740e+02 4.294759402596942319e-03
2.536455234352983723e+02 5.284522007763482396e-03
2.578458283982854482e+02 4.687839369409512597e-03
2.439765751209859275e+02 4.336023447827739782e-03
2.606815303107920272e+02 4.054263571174878018e-03
2.603341409291611512e+02 4.698422665533830145e-03
2.567763444209967929e+02 4.309588317830966887e-03
2.523031359492081265e+02 5.351422635504821286e-03
2.546927425550479711e+02 5.196473575481002326e-03
2.608389162680342110e+02 4.490849623995742980e-03
2.445567597584950192e+02 4.880440693829248174e-03
2.562940158376089812e+02 3.948412330686985709e-03
2.487082385223712890e+02 4.588866965618318416e-03
2.504323230862431444e+02 4.543713581530151729e-03
2.563744585791390023e+02 4.490205258861965434e-03
2.493364572879984280e+02 3.989188546635760377e-03
2.536555738378766023e+02 4.695853117041780614e-03
2.484871903416561167e+02 5.015129862366416238e-03
2.551309939003396892e+02 5.026471288101536788e-03
2.411919774829529501e+02 5.212370486939169566e-03
2.498740160744204672e+02 3.834769847970426540e-03
2.523764587057268614e+02 4.484232690981224817e-03
2.623859124728355710e+02 3.910042426568683879e-03
2.572438314180291741e+02 5.099010497368945682e-03
2.500656242578160118e+02 3.972563811309184900e-03
2.514841564157832181e+02 5.212892228464338813e-03
2.559678152819315358e+02 4.176260961238913334e-03
2.513163724506653978e+02 5.183359326290901646e-03
2.554833525851611284e+02 4.181643836324372247e-03
2.580788436350717916e+02 5.514772294814469095e-03
2.585942330571608636e+02 4.308711444800161772e-03
2.571475322672343395e+02 4.401468254271567737e-03
2.446238358152491514e+02 4.991106194950561264e-03
2.600638730930982661e+02 4.384301769104190227e-03
2.592507578234082075e+02 5.134847129153235525e-03
2.452853701097871806e+02 5.166154734272505704e-03
2.480837431214497713e+02 4.515858507321338783e-03
2.610469539682654272e+02 5.435734826147514340e-03
2.451214457073164681e+02 5.226533121666044647e-03
2.388095958469298239e+02 4.601461130852976290e-03
2.349201900704718753e+02 4.344726789808197286e-03
2.474899438160768455e+02 5.530379736950011629e-03
2.577630668059146615e+02 5.195474589090196167e-03
2.503030098144493820e+02 5.681387022393604748e-03
2.445756798542130639e+02 4.997210906709343217e-03
2.537822796002195673e+02 5.000206677864570126e-03
2.488939634911052110e+02 4.826469868567258813e-03
2.488260658970667691e+02 4.431577564682942678e-03
2.591583186211181555e+02 4.293601584728512326e-03
2.471954017836520165e+02 4.522881948571617385e-03
2.592580780257279685e+02 4.585948138709443518e-03
2.535748955858960585e+02 4.941356137578369750e-03
2.522945733027706581e+02 5.467610723061512926e-03
2.687503537953867863e+02 4.384130481032422200e-03
2.595606834075129541e+02 5.244182037255858131e-03
2.605974655139391416e+02 4.839240988836577585e-03
2.634821614146702586e+02 4.029686140279856513e-03
2.437820356287008963e+02 5.513132069033275205e-03
2.452768832163457091e+02 5.518513009832703292e-03
2.648780781708949803e+02 4.914091249685124778e-03
2.499617346964668911e+02 4.912599117003798276e-03
2.683093429075370295e+02 5.776043006282433577e-03
2.478306182783924783e+02 5.026636384163972460e-03
2.562672927857522609e+02 5.885077456735867719e-03
2.511178919092162118e+02 4.533801826290948488e-03
2.627430267722216968e+02 4.854430787708424386e-03
2.565305167029885069e+02 5.146651890067004825e-03
2.514666506354185458e+02 5.125838977942842774e-03
2.388460504679034386e+02 4.752016379404855155e-03
2.764647209078292462e+02 4.643688995261783560e-03
2.530355465695456303e+02 4.757937525792303203e-03
2.582693134739485004e+02 4.017804699653235341e-03
2.495141676058178177e+02 4.748716458107816486e-03
2.510477703373805980e+02 4.991084704073616915e-03
2.466881768420717265e+02 4.329309653877011499e-03
2.525971079721804244e+02 5.214367006000050417e-03
2.537707692370597101e+02 3.758796107500272151e-03
2.500698010590404010e+02 4.723037672977277446e-03
2.487890313438765020e+02 4.194409511427792982e-03
2.590913370212459768e+02 4.179834878721362494e-03
2.651216580165439609e+02 5.195767049088571322e-03
2.573724712131408978e+02 5.348735544962455665e-03
2.593418331067964573e+02 4.628111459948318004e-03
2.587157044528353822e+02 4.124422608645160297e-03
2.478075738230814693e+02 4.923354037128645222e-03
2.483051490331690729e+02 5.694277389686227056e-03
2.610465711714011263e+02 5.325684778757102875e-03
2.725464049704297054e+02 5.283277383728184930e-03
2.546501544209527026e+02 4.024638678871351148e-03
2.543567128681631004e+02 5.471651482254578404e-03
2.596453441735687875e+02 5.074434725725112880e-03
2.589913207938572555e+02 4.521741663436247040e-03
2.569392592558147044e+02 4.563472072157297339e-03
2.581012649142043642e+02 5.453208296747572882e-03
2.667693637169640510e+02 3.371541372685479300e-03
2.730906743247255122e+02 4.112301806878987734e-03
2.577100841269651710e+02 4.352336177418685698e-03
2.652506426241685062e+02 3.901389564671561144e-03
2.628912479329462144e+02 4.850724691861820273e-03
2.651362436000125626e+02 4.153281672562313120e-03
2.590663152758993419e+02 4.729743010262581378e-03
2.534036300187157167e+02 4.969565893146557153e-03
2.472279810432337968e+02 4.078514281290975853e-03
2.730000362155782909e+02 3.912883585189225015e-03
2.584164663630463110e+02 4.662199651204612487e-03
2.643598388380680717e+02 3.681377209017348134e-03
2.519738498739089607e+02 5.083133997366875816e-03
2.604334534060367332e+02 4.406268516152432937e-03
2.538684483015039746e+02 4.797606542032437429e-03
2.636010823986999867e+02 4.527284740625028663e-03
2.546183691481307676e+02 3.455209248487297897e-03
2.607801658920438399e+02 5.293156451028387631e-03
2.651477193460038393e+02 4.642551422887927770e-03
2.507731826548406104e+02 5.275373333905431818e-03
2.595929260683868165e+02 5.883951969885263360e-03
2.592459223596157472e+02 3.851208381005400035e-03
2.719020630092655892e+02 3.579472302381868885e-03
2.607592914685503729e+02 4.014961423306275499e-03
2.566799639945845115e+02 5.423210379537057521e-03
2.709424375971829591e+02 5.927900843970611115e-03
2.391912394179024375e+02 5.226596743942346981e-03
2.501975502920615497e+02 4.670153748276856948e-03
2.547797819640855437e+02 3.948276417790913539e-03
2.537442681837616192e+02 4.571430679093921312e-03
2.573139945838074141e+02 4.030277227861025699e-03
2.609837609431336318e+02 5.082160364578498964e-03
2.526481876058465730e+02 4.623196387691055030e-03
2.530471605130660748e+02 4.236169963700579105e-03
2.559944108065004400e+02 5.604546796921690277e-03
2.568909069652605695e+02 4.563493101812381506e-03
2.525319054410435342e+02 4.346083177309962436e-03
2.505530214353094038e+02 4.035308513845223786e-03
2.521386313554783385e+02 4.836251098295429700e-03
2.467157449589429632e+02 5.082681514288750826e-03
2.570492667961241864e+02 4.448679125882948684e-03
2.544913885917869436e+02 5.277580995582062569e-03
2.578703999892983916e+02 4.713395060992155335e-03
2.595932123750075107e+02 4.416276926221703730e-03
2.567190403003090182e+02 5.064967684139356358e-03
2.597728852854185675e+02 5.302979440115341073e-03
2.591008953134374337e+02 4.521579090927849848e-03
2.457409920420491289e+02 4.202180290561786241e-03
2.696642040074761439e+02 4.350483014716586064e-03
2.554728317027837363e+02 4.351080227452733956e-03
2.765342379899162779e+02 3.954376832064934212e-03
2.662000226115621899e+02 3.511917263897725537e-03
2.515183261631337643e+02 5.497094917889799003e-03
2.564162995037397650e+02 4.953484747989996516e-03
2.503059154298273370e+02 3.821046186112616455e-03
2.688099482300624459e+02 4.339382486936262280e-03
2.512243485139625534e+02 5.450223370973353298e-03
2.508200392403347507e+02 5.055881872919732942e-03
2.539073717196937139e+02 6.081710344768835597e-03
2.492059883078188420e+02 5.601849340686947294e-03
2.529148114360885415e+02 4.814166859894810670e-03
2.599281452870889666e+02 4.740277485026149658e-03
2.545357123039192686e+02 4.225068597387569326e-03
2.506795145652591259e+02 4.695398891158972937e-03
2.570020672628945704e+02 5.221077639131530002e-03
2.527666369607304091e+02 4.327373150392071002e-03
2.550034162954598003e+02 4.056812792191351498e-03
2.543269923182866421e+02 6.326010469502498478e-03
2.440081260598619224e+02 3.632762832305271028e-03
2.584721760240050799e+02 3.986408026356487617e-03
2.455645982232752544e+02 4.307706607688500770e-03
2.598081571631321367e+02 4.639604630723393949e-03
2.486949754672733945e+02 3.528575360915071641e-03
2.585281706404138049e+02 3.770425590530544161e-03
2.545770964059587698e+02 3.229042386032757520e-03
2.534018763881169889e+02 3.880504556118974987e-03
2.632294983394457972e+02 3.877771112057332506e-03
2.480485951175612911e+02 4.533577056146910478e-03
2.510060851100497530e+02 4.543168970397587145e-03
2.641998463656709646e+02 4.100374689140953884e-03
2.443947871122985021e+02 4.804094019234916683e-03
2.525551111738040504e+02 4.635441676178573764e-03
2.601504759846453680e+02 4.781297857202140324e-03
2.524065439230238042e+02 4.782911584938062330e-03
2.708375124614821630e+02 5.229411563763077669e-03
2.561190819523941968e+02 3.967512153812371989e-03
2.421425008547511766e+02 3.999537564475528877e-03
2.693825264917583695e+02 4.797108146496688492e-03
2.579569387060809049e+02 4.582267164190590922e-03
2.592855487992794110e+02 4.684352232511737428e-03
2.815982368361501926e+02 3.970197695561256991e-03
2.598329652915307975e+02 5.232262009448583086e-03
2.487915084647368076e+02 5.094687704393467687e-03
2.441583545047932944e+02 4.789706222175993226e-03
2.518312685631449881e+02 5.409879988001456939e-03
2.376077149403793669e+02 5.882055297413315079e-03
2.440694601901272449e+02 4.813668789212108973e-03
2.650855141346619348e+02 4.896692420526334473e-03
2.526115723310875296e+02 5.761382190034299716e-03
2.573428834887836842e+02 4.840058568060690881e-03
2.459422995178946110e+02 5.054477422599330458e-03
2.430685286607586590e+02 4.619442184028398068e-03
2.521699628001815370e+02 4.665120905392714824e-03
2.555997474137750203e+02 4.957612542939626547e-03
2.454950407353669277e+02 3.908828855158513055e-03
2.541824375428879819e+02 4.507349540514820306e-03
2.453669665117330680e+02 4.798067856577370276e-03
2.606219569173235300e+02 4.905905119138574341e-03
2.474777103956602389e+02 4.882298360096771171e-03
2.497824463164323276e+02 4.286932203115111778e-03
2.558400494501735807e+02 4.812463932402188775e-03
2.483930996884728302e+02 5.391315596257970771e-03
2.552151837028881687e+02 5.290838856846133073e-03
2.572498235596314089e+02 4.486599728233972226e-03
2.800808230039987734e+02 3.919055270290396249e-03
2.576569623735202867e+02 4.560688752173641322e-03
2.571539856886019493e+02 4.446918630668968662e-03
2.677396764403480915e+02 4.469919228306956822e-03
2.685352231464445936e+02 3.779046310597607410e-03
2.589516761340875064e+02 4.752977063119941809e-03
2.547036648139309136e+02 4.480825273132234624e-03
2.469662053611754686e+02 4.705521570519257540e-03
2.642595209040097188e+02 3.848315067945087212e-03
2.663934681311382633e+02 4.231582933527397970e-03
2.617328096254517504e+02 4.453058587855897830e-03
2.570498539117684231e+02 4.502148688134504327e-03
2.637785978364497623e+02 4.489207450485951760e-03
2.700452175150723519e+02 4.170812230627190392e-03
2.598909771784736904e+02 4.639143119687543816e-03
2.640955260861682063e+02 4.981348069601924944e-03
2.656039062766334382e+02 4.367992979795484558e-03
2.563729734250790102e+02 5.486484133718933301e-03
2.740151444833154528e+02 3.842654256725025388e-03
2.582944119733948014e+02 4.747151967075522762e-03
2.607953200892961263e+02 5.385603491110503051e-03
2.539185712513481974e+02 5.955389098522907015e-03
2.489549454716011496e+02 6.184545320058167962e-03
2.473606687542675502e+02 5.044054418307184970e-03
2.430154313942094291e+02 4.012971492917061928e-03
2.638239341099130115e+02 4.144424671707207068e-03
2.636385212496852546e+02 4.146186373364315648e-03
2.655580805387116925e+02 4.367978984317815415e-03
2.549135899872189555e+02 3.693272126499374825e-03
2.487091244738691671e+02 4.291846814878826077e-03
2.532844661891744238e+02 5.007385697028334838e-03
2.581535958341445962e+02 4.572325620915456551e-03
2.527317826656540376e+02 5.069729895293165374e-03
2.517066896882007256e+02 4.875577459635288026e-03
2.645061911084365533e+02 4.206363392574862664e-03
2.430676040891205787e+02 5.378275401341301408e-03
2.709629632594910618e+02 3.250218997218568603e-03
2.633698305425376134e+02 4.908180086553188062e-03
2.451632193816868153e+02 5.813508046554356941e-03
2.710589338771529242e+02 3.971954970633315672e-03
2.547645859313651044e+02 4.337743541532770690e-03
2.450308291459876386e+02 4.256074640902958624e-03
2.569325947393465412e+02 3.747452347393125625e-03
2.483126295975209814e+02 3.481944155140925118e-03
2.430066050253121830e+02 4.472566564151556068e-03
2.595345333315016774e+02 4.674855498107929365e-03
2.496856383688342476e+02 4.933764196728360370e-03
2.518222485056261917e+02 4.773681219559937176e-03
2.601135244410157839e+02 4.329756951400732211e-03
2.768337075767559554e+02 3.672301799464101468e-03
2.429946376621925310e+02 4.013502488242257776e-03
2.598986040541396392e+02 4.367363815758635096e-03
2.512187100507339323e+02 4.963688579503349775e-03
2.609429567220882973e+02 5.257114648823740626e-03
2.658926862787783989e+02 3.864518832934974411e-03
2.516435039968719707e+02 4.141070808572567576e-03
2.543507269184128177e+02 4.948643389867057873e-03
2.485216762396666752e+02 3.736007197632865758e-03
2.643040303739381329e+02 3.837458520185183311e-03
2.534453790810367479e+02 4.293719272824221209e-03
2.604795291438443883e+02 5.038950286264887168e-03
2.502833240335738196e+02 4.613328062255546945e-03
2.578906358763442199e+02 4.248801641154016998e-03
2.582317864745806446e+02 4.564926353335062130e-03
2.454321979539042502e+02 5.179701746448927939e-03
2.601911484334169700e+02 5.018617090013009589e-03
2.643126948598720674e+02 4.364027310347384433e-03
2.634193922270139296e+02 4.307428482846296230e-03
2.636303014438689729e+02 3.155107888126888315e-03
2.728949763227482777e+02 3.404346191544578744e-03
2.524446166253136425e+02 4.224439398650275089e-03
2.654551618293089064e+02 4.984843698240634668e-03
2.633812461219156944e+02 4.728674160837918923e-03
2.554080951618146571e+02 4.649781807881675152e-03
2.939926956040393975e+02 3.492660851124380038e-03
2.557800300474841890e+02 4.375741183559458264e-03
2.605639647647417974e+02 3.897579496585610280e-03
2.552569416429260230e+02 4.241493376373909295e-03
2.668399567952110374e+02 3.667877785897991592e-03
2.417090850190193976e+02 5.056685487969381915e-03
2.501450636087604096e+02 4.845819803975715337e-03
2.489453131848253236e+02 5.264241976177837581e-03
2.470852627991826012e+02 4.159703602716517158e-03
2.532671071635465410e+02 3.705830836819716187e-03
2.483981776798901819e+02 3.705340403599492478e-03
2.727764652794470521e+02 4.501800590895461279e-03
2.417460807405923617e+02 5.322848094214641113e-03
2.552988191716123083e+02 4.437932071063872136e-03
2.571323074322059483e+02 3.577567583899059125e-03
2.514281029441877422e+02 4.420678967339355253e-03
2.466197228332351585e+02 5.403698862230622152e-03
2.721940411592607347e+02 4.983454176970781788e-03
2.493204134777371621e+02 4.900403762444226902e-03
2.531844853718288277e+02 4.850547569113331306e-03
2.557030483782569945e+02 4.177656151680493764e-03
2.373175746973836908e+02 4.376468712590929518e-03
2.551949226566763969e+02 4.490244489585471128e-03
2.898502017408998199e+02 3.953102187132179549e-03
2.496219148776355894e+02 5.060126864939992752e-03
2.494339175196513168e+02 5.217495978897732783e-03
2.622360346395173565e+02 4.814894428555085634e-03
2.533085466101558154e+02 5.089698288154935815e-03
2.691542421014027013e+02 5.112544039521511180e-03
2.698889900658932675e+02 3.962267865516214474e-03
2.590501669484259537e+02 5.624090389972869961e-03
2.535774522589997275e+02 4.243594406094422684e-03
2.566810320263961103e+02 4.435593896337119806e-03
2.458562864015827927e+02 5.509659890030693327e-03
2.594342515522759527e+02 3.804303098632077530e-03
2.612315633823439498e+02 4.846163031190306968e-03
2.474389909133523702e+02 5.450554332822280836e-03
2.635654871463764835e+02 4.446845263124147955e-03
2.526797753623999370e+02 4.850724011475407264e-03
2.522747980048327463e+02 3.851438097912606405e-03
2.476992459627882965e+02 4.974152622602086987e-03
2.492330091021751173e+02 5.188497301552855850e-03
2.437612920798412972e+02 4.372016529218297060e-03
2.610626485702517812e+02 3.866768891981940161e-03
2.616873351201782611e+02 4.772104624303724271e-03
2.605555678540500821e+02 4.180099814223951771e-03
2.646621095844976139e+02 4.826747411938371590e-03
2.609211947277624404e+02 4.684495147651963030e-03
2.467390131164887919e+02 5.227788944765061029e-03
2.569365873228847477e+02 4.875616789394303548e-03
2.571971613215405341e+02 4.541102987445988677e-03
2.632505712411186778e+02 4.966688756773875689e-03
2.514602136567440596e+02 4.989331146458067523e-03
2.476516174891262949e+02 4.112295988273864840e-03
2.611252345086952573e+02 4.473263106288564647e-03
2.579925603044895297e+02 6.227689435954558705e-03
2.642043923754125103e+02 3.913897790627077211e-03
2.490880047265036978e+02 5.221712636686827273e-03
2.462219144393152419e+02 3.690791816675675560e-03
2.551537651710745251e+02 5.037964355285566402e-03
2.651830048556095107e+02 5.227939046501490182e-03
2.561329341269342308e+02 4.973909701741780452e-03
2.599617896170906306e+02 4.357078799077920492e-03
2.675379178542980299e+02 3.968060424214321473e-03
2.621070293000411198e+02 4.324114391179263023e-03
2.558391655593449912e+02 4.811242525198302679e-03
2.552345405751846954e+02 6.068277796893644348e-03
2.504938902937968237e+02 5.390924304690726705e-03
2.536700362509567697e+02 4.392252107387701297e-03
2.524618912334497054e+02 3.970628264655931203e-03
2.351613786550832685e+02 5.106090917691940428e-03
2.462735616070320930e+02 4.653236807624198251e-03
2.298762062895491454e+02 4.421757455875730512e-03
2.551050109950729166e+02 3.961325152481310480e-03
2.611749360726130931e+02 4.440841176006220074e-03
2.406961700024690174e+02 5.681505440330555760e-03
2.482807076742026595e+02 3.921245720862360541e-03
2.622303637384906665e+02 4.303840798941630484e-03
2.621379976677973787e+02 4.338977251527218262e-03
2.644814796798924021e+02 4.516799557260191278e-03
2.517371337009074352e+02 5.249964680287637180e-03
2.554255582483164062e+02 4.316913688552309267e-03
2.595619216644035419e+02 4.675058292471558422e-03
2.610278301509162588e+02 4.408881477329692176e-03
2.414415261688839678e+02 4.396921261543354498e-03
2.460720557472900794e+02 4.807852666283227855e-03
2.440445143041463609e+02 4.551699932745540723e-03
2.531587339947610644e+02 4.702494278385475901e-03
2.680027575452890574e+02 3.554412735417467224e-03
2.654008338595109535e+02 4.845158186127229531e-03
2.566316391784010875e+02 5.065957914822283303e-03
2.525756849281296184e+02 4.135172105821302568e-03
2.480799405059237017e+02 5.054807262212451108e-03
2.500879761460974180e+02 5.763070650640241682e-03
2.475286945960720004e+02 4.318920901874087961e-03
2.567413610729308857e+02 4.777273459430031628e-03
2.454886458774355162e+02 4.633828189756710771e-03
2.542966391213348629e+02 5.151485150626459140e-03
2.594847727983311074e+02 5.139052648661857590e-03
2.484394030361732746e+02 4.323952350580929568e-03
2.450446378591720133e+02 4.901516254635049884e-03
2.468180563696192280e+02 3.451162923447460666e-03
2.598820818957730125e+02 3.189741601846964470e-03
2.591904513770049334e+02 4.598062093421230803e-03
2.563354674657740588e+02 4.701788063572073968e-03
2.555941512862519573e+02 5.106497101918698080e-03
2.509494795436602885e+02 4.280700881907285177e-03
2.513893023795638157e+02 4.464155206902707673e-03
2.543591127013064579e+02 4.101323820433756991e-03
2.518951764918580807e+02 6.376118873289850220e-03
2.575023427701342484e+02 4.923665724722139751e-03
2.568600055548111527e+02 4.794286201957023187e-03
2.535897663547750085e+02 4.668814063963268139e-03
2.522953863629257398e+02 5.081620468926940914e-03
2.504229959972334143e+02 4.189274181255720278e-03
2.434392829153379978e+02 4.445832550292930403e-03
2.551208219328065638e+02 4.718208582459650600e-03
2.549849050629948408e+02 4.527649108165832104e-03
2.584129773250056132e+02 3.532537348721542618e-03
2.547499829997590268e+02 5.043607240987260827e-03
2.652919673904710862e+02 4.455853576290507573e-03
2.566583926359199381e+02 5.090320116602770582e-03
2.674051879356565564e+02 3.916380058888563852e-03
2.460485776371480142e+02 3.909500124512414916e-03
2.600840034799148270e+02 4.762875006454449570e-03
2.585948288565048188e+02 4.239721633193424023e-03
2.534806043929448265e+02 5.271116028891458839e-03
2.540419019279127895e+02 5.186813392282075934e-03
2.497909924631994727e+02 4.668654569078075842e-03
2.500382725331519964e+02 4.115914890845242223e-03
2.689338544471462455e+02 3.956278231226863749e-03
2.474459318700008055e+02 4.667351031959794325e-03
2.717250235859658574e+02 3.588173580543646199e-03
2.602009341212751679e+02 4.146062330524921506e-03
2.595600213515166956e+02 4.514881444068568478e-03
2.582260610889697432e+02 5.088896240577793668e-03
2.611025597687572031e+02 4.724898267693285019e-03
2.589400978332448631e+02 4.559349877708857718e-03
2.575363916182014918e+02 4.486174996854544982e-03
2.626496420387653075e+02 4.468924836652952634e-03
2.472264162906214722e+02 4.392386594960323055e-03
2.492265592600805064e+02 4.280330102947609364e-03
2.582543545289304348e+02 3.723940303014519962e-03
2.566465065276411224e+02 4.745098494158371018e-03
2.469994092844873137e+02 5.085379590617685082e-03
2.658716099715875316e+02 4.054736364700576787e-03
2.552523071163984980e+02 4.134758692474673619e-03
2.692279028502035771e+02 4.159070007591611322e-03
2.471757577640911734e+02 5.101955741430778783e-03
2.563580623087511299e+02 5.164971775030132058e-03
2.588175423209659698e+02 4.131922527452642872e-03
2.582327720576608385e+02 5.436056070716307684e-03
2.598592344540242038e+02 4.910428812190691973e-03
2.505209199363648622e+02 4.851072555488584494e-03
2.347675888441097811e+02 4.812528881650351628e-03
2.409862675244956165e+02 5.205061885977529598e-03
2.536450462999640934e+02 4.125867858130270911e-03
2.563368304176587458e+02 4.706736779981754090e-03
2.464246473698103443e+02 4.735278385568497152e-03
2.366999200790951363e+02 4.656300381512357665e-03
2.544260469622148548e+02 4.750648524031309342e-03
2.518459285176881508e+02 4.515299056054628349e-03
2.666529281857177693e+02 4.300292107672644068e-03
2.653379295597185319e+02 4.583317848789600184e-03
2.489950847362748050e+02 4.821468486295531382e-03
2.517209899656334073e+02 5.523356111939469945e-03
2.579497083683399978e+02 4.766535810741690492e-03
2.544893224989262137e+02 5.819523389768641898e-03
2.562628818548615754e+02 4.463688832026883532e-03
2.435622974607141771e+02 4.780670207091199109e-03
2.584680984188863135e+02 5.462919768000512252e-03
2.510209375490576633e+02 5.083774272935119923e-03
2.564632361870495743e+02 4.689728714560678635e-03
2.664573803608462867e+02 4.375284036120125238e-03
2.592525452279313072e+02 5.271458539870455332e-03
2.992489602498035310e+02 3.088256042557276006e-03
2.460297759084388929e+02 4.940046392822875811e-03
2.576083083820037700e+02 4.922913212605271177e-03
2.495659574964778926e+02 5.507281514185862446e-03
2.514151545308399989e+02 4.511629124425307370e-03
2.516561844401561814e+02 5.418018865146040017e-03
2.587028664059120615e+02 4.592834948570503027e-03
2.500396202437657678e+02 4.978994002992783580e-03
2.465998611148336579e+02 4.688161666450791840e-03
2.568704979985287764e+02 3.738610133696873734e-03
2.451379924035574049e+02 4.062639524632299243e-03
2.636499753457816269e+02 4.191210506670952490e-03
2.518734391867014608e+02 3.931573273547184742e-03
2.503965230914131439e+02 3.749181831291298686e-03
2.498877509762956208e+02 4.343309457212078152e-03
2.558924635664566836e+02 5.024056612708121053e-03
2.537512997522851208e+02 4.530148006334061214e-03
2.576855080543821828e+02 4.312420338865268279e-03
2.483772883859420517e+02 3.573449211567608294e-03
2.532544827255256052e+02 4.589438065300379191e-03
2.609582715421342414e+02 5.262439078639258132e-03
2.551320601454583823e+02 5.638632670886311975e-03
2.612556118059045502e+02 4.119991465196954673e-03
2.518943616741450739e+02 5.215076800743478382e-03
2.605074515454026596e+02 5.210191011234027898e-03
2.597099905837483789e+02 5.379436276083488996e-03
2.540167840990628747e+02 5.543762983289011667e-03
2.592412422514895525e+02 4.410877484943083633e-03
2.548366146922271582e+02 4.511949950530982391e-03
2.506509738129878144e+02 4.089188068297253814e-03
2.635661643574159712e+02 4.163754461242818658e-03
2.606805638212341023e+02 5.413948414390654627e-03
2.461253965341719834e+02 4.739168983702708032e-03
2.466320170175024202e+02 6.037442261000199387e-03
2.531375889961158236e+02 5.460694527807842015e-03
2.495572667914080682e+02 5.484609791588667543e-03
2.606388727006105341e+02 3.585394480062525750e-03
2.566451270158488001e+02 3.891217272333019183e-03
2.468099593932761877e+02 4.692727242002992134e-03
2.462433991481041460e+02 6.220279119455466785e-03
2.498021983293669734e+02 4.796991529598853936e-03
2.495966600605796657e+02 4.255088855334033388e-03
2.465914664736079089e+02 5.247126186580915175e-03
2.627218134731372174e+02 3.558805599071760035e-03
2.481196705357002088e+02 4.481806603877025279e-03
